         ps       /tl_tb/tb_dut/servo_x_ent/encoded_angle_i                                                
          delta                        /tl_tb/tb_dut/servo_y_ent/encoded_angle_i                           
                                                            /tl_tb/tb_dut/servo_z_ent/encoded_angle_i      
          0  +0                        UUUUUUUUUUUUUUUUUUUU UUUUUUUUUUUUUUUUUUUU UUUUUUUUUUUUUUUUUUUU 
          0  +1                        XXXXXXXXXXXXXXXXXXXX XXXXXXXXXXXXXXXXXXXX 00001001110001000000 
          0  +2                        00001100001101010000 00010110111000110110 00001001110001000000 
          0  +4                        00001001110001000000 00010010010011111000 00001001110001000000 
          0  +4                        00001001110001000000 00010010010011111000 00001001110001000000 
          0  +4                        00001001110001000000 00010010010011111000 00001001110001000000 
          0  +4                        00001001110001000000 00010010010011111000 00001001110001000000 
          0  +4                        00001001110001000000 00010010010011111000 00001001110001000000 
          0  +4                        00001001110001000000 00010010010011111000 00001001110001000000 
 1200001500  +4                        00001001110101010000 00010010100101100001 00001001110001000000 
 1400001700  +4                        00001010000001100000 00010010110101110101 00001001110001000000 
 1600001900  +4                        00001010010100100011 00010011000011111111 00001001110001000000 
 1800002100  +4                        00001010101100111001 00010011001111110010 00001001110001000000 
 2000002300  +4                        00001010111000110011 00010011001100101110 00001001110001000000 
 2200002500  +3                        00001010111000110011 00010011001100101110 00011010110110110000 
 2200002500  +4                        00001011000101000000 00010011001001111011 00011010110110110000 
 2400002700  +4                        00001011010001011111 00010011000111010110 00011010110110110000 
 2600002900  +4                        00001011011110001110 00010011000100111111 00011010110110110000 
 2800003100  +4                        00001011001010000000 00010010111010011100 00011010110110110000 
 3000003300  +4                        00001010111010101011 00010010101110100010 00011010110110110000 
 3200003500  +4                        00001010110001000011 00010010100001100001 00011010110110110000 
 3400003700  +4                        00001010101101110000 00010010010011110110 00011010110110110000 
 3600003900  +4                        00001011000011010010 00010010011111011101 00011010110110110000 
 3800004100  +4                        00001011011101001001 00010010101001010011 00011010110110110000 
 4000004300  +4                        00001011111010010110 00010010110001100010 00011010110110110000 
 4200004500  +4                        00001100011010001000 00010010111000011011 00011010110110110000 
 4400004700  +4                        00001100100100100011 00010010110111010111 00011010110110110000 
 4600004900  +4                        00001100101111000010 00010010110110010111 00011010110110110000 
 4800005100  +4                        00001100111001100100 00010010110101011010 00011010110110110000 
 5000005300  +4                        00001101000100001001 00010010110100100001 00011010110110110000 
 5200005500  +4                        00001100100101100110 00010010101110000100 00011010110110110000 
 5400005700  +4                        00001100001001100001 00010010100110100100 00011010110110110000 
 5600005900  +4                        00001011110000100000 00010010011101110110 00011010110110110000 
 5800006100  +4                        00001011011011010101 00010010010011110101 00011010110110110000 
 6000006300  +4                        00001011110000100000 00010010001001110100 00011010110110110000 
 6200006500  +4                        00001100001001100001 00010010000001000110 00011010110110110000 
 6400006700  +4                        00001100100101100110 00010001111001100101 00011010110110110000 
 6600006900  +4                        00001101000100001001 00010001110011001001 00011010110110110000 
 6800007100  +4                        00001100111001100100 00010001110010001111 00011010110110110000 
 7000007300  +4                        00001100101111000010 00010001110001010011 00011010110110110000 
 7200007500  +4                        00001100100100100011 00010001110000010010 00011010110110110000 
 7400007700  +4                        00001100011010001000 00010001101111001111 00011010110110110000 
 7600007900  +4                        00001011111010010110 00010001110110000111 00011010110110110000 
 7800008100  +4                        00001011011101001001 00010001111110010111 00011010110110110000 
 8000008300  +4                        00001011000011010010 00010010001000001100 00011010110110110000 
 8200008500  +4                        00001010101101110000 00010010010011110100 00011010110110110000 
 8400008700  +4                        00001010110001000011 00010010000110001001 00011010110110110000 
 8600008900  +4                        00001010111010101011 00010001111001000111 00011010110110110000 
 8800009100  +4                        00001011001010000000 00010001101101001101 00011010110110110000 
 9000009300  +4                        00001011011110001110 00010001100010101011 00011010110110110000 
 9200009500  +4                        00001011010001011111 00010001100000010011 00011010110110110000 
 9400009700  +4                        00001011000101000000 00010001011101101111 00011010110110110000 
 9600009900  +4                        00001010111000110011 00010001011010111100 00011010110110110000 
 9800010100  +4                        00001010101100111001 00010001010111111000 00011010110110110000 
 1000001030  +4                        00001010000001100000 00010001110001110101 00011010110110110000 
 1020001050  +4                        00001001110001000000 00010010010011110010 00011010110110110000 
 1040001070  +4                        00001010000001100000 00010010110101110000 00011010110110110000 
 1060001090  +4                        00001010101100111001 00010011001111101101 00011010110110110000 
 1060001090  +4                        00001010101100111001 00010011001111101101 00011010110110110000 
 1060001090  +4                        00001010101100111001 00010011001111101101 00011010110110110000 
 1060001090  +4                        00001010101100111001 00010011001111101101 00011010110110110000 
 1160001190  +3                        00001010101100111001 00010011001111101101 00001001110001000000 
 1160001190  +3                        00001010101100111001 00010011001111101101 00001001110001000000 
